[gd_scene load_steps=5 format=2]

[ext_resource path="res://system/main.gd" type="Script" id=1]
[ext_resource path="res://system/masterServer.gd" type="Script" id=2]
[ext_resource path="res://ui/ingame.tscn" type="PackedScene" id=3]
[ext_resource path="res://draft/arena_board/board.tscn" type="PackedScene" id=4]

[node name="main" type="Node"]

script = ExtResource( 1 )

[node name="masterServer" type="HTTPRequest" parent="."]

use_threads = false
body_size_limit = -1
max_redirects = 8
script = ExtResource( 2 )

[node name="gui" type="Control" parent="."]

anchor_left = 0.0
anchor_top = 0.0
anchor_right = 0.0
anchor_bottom = 0.0
margin_right = 40.0
margin_bottom = 40.0
rect_pivot_offset = Vector2( 0, 0 )
rect_clip_content = false
mouse_filter = 0
size_flags_horizontal = 1
size_flags_vertical = 1

[node name="ingame" parent="gui" instance=ExtResource( 3 )]

[node name="world" type="Spatial" parent="."]

[node name="board" parent="world" instance=ExtResource( 4 )]

transform = Transform( -0.0711446, 0, -0.997466, 0, 1, 0, 0.997466, 0, -0.0711446, 1.52553, 0.984896, 2.60357 )
visible = false

[node name="roster" type="Spatial" parent="world"]

_sections_unfolded = [ "Transform" ]

[node name="sun" type="DirectionalLight" parent="world"]

transform = Transform( 0.623013, -0.733525, 0.271654, 0.321394, 0.55667, 0.766044, -0.713134, -0.389948, 0.582563, 0, 8.90427, 0 )
layers = 1
light_color = Color( 0.964844, 0.902774, 0.497498, 1 )
light_energy = 1.0
light_indirect_energy = 1.0
light_negative = false
light_specular = 0.5
light_cull_mask = -1
shadow_enabled = true
shadow_color = Color( 0.0183105, 0.0672626, 0.234375, 1 )
shadow_bias = 0.1
shadow_contact = 0.0
shadow_reverse_cull_face = false
editor_only = false
directional_shadow_mode = 2
directional_shadow_split_1 = 0.1
directional_shadow_split_2 = 0.2
directional_shadow_split_3 = 0.5
directional_shadow_blend_splits = false
directional_shadow_normal_bias = 0.8
directional_shadow_bias_split_scale = 0.25
directional_shadow_depth_range = 0
directional_shadow_max_distance = 200.0
_sections_unfolded = [ "Light", "Shadow", "Transform" ]

[node name="Camera" type="Camera" parent="."]

transform = Transform( -0.112141, 0.489875, -0.86455, 0.0630142, 0.871792, 0.485806, 0.991692, 0, -0.128633, -5.43149, 6.17135, -0.425549 )
projection = 0
fov = 65.0
near = 0.1
far = 100.0
keep_aspect = 1
current = true
cull_mask = 1048575
environment = null
h_offset = 0.0
v_offset = 0.0
doppler/tracking = 0
_sections_unfolded = [ "Transform" ]


